42120
1111111111112111111111111111111211
1111111111111111111111111111111111
1111111121111111111111111112111121
1111111111111121111111111111111111
1111111111211111111111111111111111
1111111111111111111111111111111111
1111211111111111111111111111111111
1111111111111111111111111111121111
1111111111111111111111111111111112
1111111111111111111121111121111111
1111111111111111111111111121111111
1111111111111111111211111111111111
1111111111111111111111111111111111
1111111111111111211111111111111111
1111111111111112111111112111111111
1111111111111111111111111111111111
2111111111111111111111111111111111
1111111111111111111111111111111111
1111111111111111211111111111121111
1111111211111111111121111111221111
1111111111111111111111111112111111
1111111111111111211111111111111111
1212121111211111111111211111111111
1111111111111111111111111111111111
1111111121111111111111111111111111
2111111111111111111111111111121211
1111111211111111111111111111111111
1111111211121111111111111111111111
1111111111111111111111111112111111
1111111111111111111111111111211111
1111111111111111111111111111111111
1111111111112111111111111111111111
1111111111111111111111111111111111
1111112111111111111111111111111111
1111121111211111111111111111111111
1121211211111111111112111111111111
1111111112111111111111111111111111
1111211112111111112111111111112111
1111111111111111111111111111111211
1111111111111111111111111121111111
1111111111111111111111111111111111
1111111111121111111111111111111111
